*┬єюфэюх эряЁ цхэшх 	AM1[3]
0,65	6,221899200273E-6
0,650246	6,26910105543983E-6
0,650492	6,31666886457596E-6
0,650738	6,36460545434564E-6
0,650984	6,41291367185014E-6
0,65123	6,46159638496545E-6
0,651476	6,51065648216235E-6
0,651722	6,56009687286264E-6
0,651968	6,60992048749119E-6
0,652214	6,66013027754528E-6
0,65246	6,71072921576652E-6
0,652706	6,76172029627912E-6
0,652952	6,8131065345729E-6
0,653198	6,86489096781974E-6
0,653444	6,91707665484792E-6
0,653689999999999	6,96966667633548E-6
0,653935999999999	7,02266413483255E-6
0,654181999999999	7,07607215502808E-6
0,654427999999999	7,12989388373264E-6
0,654673999999999	7,18413249003544E-6
0,654919999999999	7,23879116552097E-6
0,655165999999999	7,29387312420655E-6
0,655411999999999	7,34938160279179E-6
0,655657999999999	7,40531986077861E-6
0,655903999999999	7,46169118044429E-6
0,656149999999999	7,5184988672049E-6
0,656395999999999	7,57574624945409E-6
0,656641999999999	7,63343667894146E-6
0,656887999999999	7,69157353063134E-6
0,657133999999999	7,75016020305576E-6
0,657379999999999	7,80920011830071E-6
0,657625999999999	7,8686967221289E-6
0,657871999999999	7,92865348409299E-6
0,658117999999999	7,98907389772802E-6
0,658363999999999	8,04996148055735E-6
0,658609999999999	8,11131977425234E-6
0,658855999999999	8,17315234480403E-6
0,659101999999999	8,23546278251735E-6
0,659347999999999	8,29825470221525E-6
0,659593999999999	8,36153174335171E-6
0,659839999999999	8,42529757001808E-6
0,660085999999999	8,48955587119901E-6
0,660331999999999	8,55431036079322E-6
0,660577999999999	8,61956477773583E-6
0,660823999999999	8,68532288610907E-6
0,661069999999999	8,75158847527622E-6
0,661315999999999	8,81836535992944E-6
0,661561999999999	8,88565738032423E-6
0,661807999999998	8,9534684022074E-6
0,662053999999998	9,02180231701437E-6
0,662299999999998	9,09066304202166E-6
0,662545999999998	9,16005452040178E-6
0,662791999999998	9,22998072129877E-6
0,663037999999998	9,30044563996567E-6
0,663283999999998	9,37145329784665E-6
0,663529999999998	9,44300774271238E-6
0,663775999999998	9,51511304870685E-6
0,664021999999998	9,58777331652938E-6
0,664267999999998	9,66099267339919E-6
0,664513999999998	9,73477527326389E-6
0,664759999999998	9,80912529689889E-6
0,665005999999998	9,88404695194235E-6
0,665251999999998	9,95954447295772E-6
0,665497999999998	1,00356221216036E-5
0,665743999999998	1,01122841867546E-5
0,665989999999998	1,01895349844522E-5
0,666235999999998	1,02673788581478E-5
0,666481999999998	1,03458201786515E-5
0,666727999999998	1,04248633443044E-5
0,666973999999998	1,05045127810833E-5
0,667219999999998	1,05847729425792E-5
0,667465999999998	1,06656483101934E-5
0,667711999999998	1,0747143393096E-5
0,667957999999998	1,0829262728419E-5
0,668203999999998	1,09120108813105E-5
0,668449999999998	1,09953924449489E-5
0,668695999999998	1,1079412040649E-5
0,668941999999998	1,11640743180095E-5
0,669187999999998	1,12493839547593E-5
0,669433999999998	1,13353456571211E-5
0,669679999999997	1,14219641596969E-5
0,669925999999997	1,1509244225595E-5
0,670171999999997	1,1597190646348E-5
0,670417999999997	1,16858082422931E-5
0,670663999999997	1,17751018622852E-5
0,670909999999997	1,18650763839222E-5
0,671155999999997	1,19557367136635E-5
0,671401999999997	1,20470877867201E-5
0,671647999999997	1,21391345672113E-5
0,671893999999997	1,2231882048196E-5
0,672139999999997	1,23253352517447E-5
0,672385999999997	1,24194992288912E-5
0,672631999999997	1,25143790597769E-5
0,672877999999997	1,260997985364E-5
0,673123999999997	1,27063067488924E-5
0,673369999999997	1,28033649130633E-5
0,673615999999997	1,29011595430132E-5
0,673861999999997	1,29996958646974E-5
0,674107999999997	1,30989791334347E-5
0,674353999999997	1,31990146338854E-5
0,674599999999997	1,32998076799327E-5
0,674845999999997	1,34013636148721E-5
0,675091999999997	1,35036878113214E-5
0,675337999999997	1,36067856713404E-5
0,675583999999997	1,37106626262697E-5
0,675829999999997	1,38153241369212E-5
0,676075999999997	1,39207756935602E-5
0,676321999999997	1,40270228157741E-5
0,676567999999997	1,41340710525447E-5
0,676813999999997	1,42419259823638E-5
0,677059999999997	1,43505932130741E-5
0,677305999999997	1,44600783818212E-5
0,677551999999997	1,45703871553536E-5
0,677797999999996	1,46815252295769E-5
0,678043999999996	1,47934983298553E-5
0,678289999999996	1,49063122108726E-5
0,678535999999996	1,50199726565676E-5
0,678781999999996	1,51344854802763E-5
0,679027999999996	1,52498565244212E-5
0,679273999999996	1,53660916607833E-5
0,679519999999996	1,54831967902732E-5
0,679765999999996	1,56011778428765E-5
0,680011999999996	1,57200407778076E-5
0,680257999999996	1,58397915831476E-5
0,680503999999996	1,5960436276171E-5
0,680749999999996	1,60819809028663E-5
0,680995999999996	1,6204431538289E-5
0,681241999999996	1,63277942861664E-5
0,681487999999996	1,64520752791754E-5
0,681733999999996	1,65772806784119E-5
0,681979999999996	1,67034166736794E-5
0,682225999999996	1,68304894833787E-5
0,682471999999996	1,69585053543008E-5
0,682717999999996	1,7087470561563E-5
0,682963999999996	1,72173914085346E-5
0,683209999999996	1,73482742268024E-5
0,683455999999996	1,74801253760145E-5
0,683701999999996	1,76129512437636E-5
0,683947999999996	1,77467582455423E-5
0,684193999999996	1,78815528245298E-5
0,684439999999996	1,80173414515525E-5
0,684685999999996	1,81541306249627E-5
0,684931999999996	1,82919268705593E-5
0,685177999999996	1,84307367412845E-5
0,685423999999996	1,85705668172526E-5
0,685669999999995	1,871142370562E-5
0,685915999999995	1,88533140403001E-5
0,686161999999995	1,89962444820313E-5
0,686407999999995	1,91402217178066E-5
0,686653999999995	1,92852524614072E-5
0,686899999999995	1,94313434525287E-5
0,687145999999995	1,9578501457066E-5
0,687391999999995	1,97267332668801E-5
0,687637999999995	1,98760456992623E-5
0,687883999999995	2,00264455973425E-5
0,688129999999995	2,01779398294993E-5
0,688375999999995	2,03305352892123E-5
0,688621999999995	2,04842388949894E-5
0,688867999999995	2,0639057590049E-5
0,689113999999995	2,07949983423838E-5
0,689359999999995	2,095206814391E-5
0,689605999999995	2,11102740111183E-5
0,689851999999995	2,12696229841942E-5
0,690097999999995	2,14301221271304E-5
0,690343999999995	2,15917785272084E-5
0,690589999999995	2,17545992951697E-5
0,690835999999995	2,19185915645844E-5
0,691081999999995	2,20837624917189E-5
0,691327999999995	2,22501192556018E-5
0,691573999999995	2,24176690572452E-5
0,691819999999995	2,25864191196729E-5
0,692065999999995	2,27563766878249E-5
0,692311999999995	2,29275490278533E-5
0,692557999999995	2,30999434271214E-5
0,692803999999994	2,32735671940449E-5
0,693049999999994	2,34484276574186E-5
0,693295999999994	2,36245321665069E-5
0,693541999999994	2,38018880905803E-5
0,693787999999994	2,39805028183866E-5
0,694033999999994	2,41603837584958E-5
0,694279999999994	2,4341538338202E-5
0,694525999999994	2,45239740037295E-5
0,694771999999994	2,47076982196898E-5
0,695017999999994	2,4892718468865E-5
0,695263999999994	2,50790422519204E-5
0,695509999999994	2,52666770867501E-5
0,695755999999994	2,54556305084746E-5
0,696001999999994	2,56459100690094E-5
0,696247999999994	2,58375233367107E-5
0,696493999999994	2,60304778957159E-5
0,696739999999994	2,62247813461279E-5
0,696985999999994	2,64204413031972E-5
0,697231999999994	2,66174653972725E-5
0,697477999999994	2,68158612730521E-5
0,697723999999994	2,70156365895037E-5
0,697969999999994	2,72167990193835E-5
0,698215999999994	2,74193562486841E-5
0,698461999999994	2,7623315976701E-5
0,698707999999994	2,78286859149814E-5
0,698953999999994	2,80354737873985E-5
0,699199999999994	2,8243687329538E-5
0,699445999999994	2,84533342882735E-5
0,699691999999994	2,8664422421461E-5
0,699937999999994	2,88769594974649E-5
0,700183999999994	2,9090953294516E-5
0,700429999999994	2,93064116005365E-5
0,700675999999993	2,95233422126681E-5
0,700921999999993	2,97417529366942E-5
0,701167999999993	2,99616515866839E-5
0,701413999999993	3,01830459844084E-5
0,701659999999993	3,04059439590646E-5
0,701905999999993	3,0630353346709E-5
0,702151999999993	3,08562819897696E-5
0,702397999999993	3,10837377365983E-5
0,702643999999993	3,13127284408591E-5
0,702889999999993	3,15432619614844E-5
0,703135999999993	3,17753461616145E-5
0,703381999999993	3,20089889082731E-5
0,703627999999993	3,22441980721492E-5
0,703873999999993	3,24809815268956E-5
0,704119999999993	3,27193471485928E-5
0,704365999999993	3,29593028151552E-5
0,704611999999993	3,3200856406301E-5
0,704857999999993	3,34440158021759E-5
0,705103999999993	3,36887888837834E-5
0,705349999999993	3,3935183531748E-5
0,705595999999993	3,41832076260763E-5
0,705841999999993	3,44328690456603E-5
0,706087999999993	3,46841756677134E-5
0,706333999999993	3,49371353672164E-5
0,706579999999993	3,51917560162628E-5
0,706825999999993	3,54480454837787E-5
0,707071999999993	3,57060116346068E-5
0,707317999999993	3,59656623292744E-5
0,707563999999993	3,62270054234076E-5
0,707809999999993	3,64900487670717E-5
0,708055999999993	3,67548002042366E-5
0,708301999999993	3,70212675720901E-5
0,708547999999993	3,72894587009309E-5
0,708793999999992	3,75593814128572E-5
0,709039999999992	3,78310435221159E-5
0,709285999999992	3,81044528336659E-5
0,709531999999992	3,83796171431591E-5
0,709777999999992	3,86565442363025E-5
0,710023999999992	3,89352418879392E-5
0,710269999999992	3,92157178619604E-5
0,710515999999992	3,94979799102775E-5
0,710761999999992	3,97820357726291E-5
0,711007999999992	4,00678931757366E-5
0,711253999999992	4,03555598327564E-5
0,711499999999992	4,06450434429246E-5
0,711745999999992	4,09363516906275E-5
0,711991999999992	4,12294922451431E-5
0,712237999999992	4,15244727598967E-5
0,712483999999992	4,18213008716961E-5
0,712729999999992	4,21199842005701E-5
0,712975999999992	4,24205303488692E-5
0,713221999999992	4,27229469008352E-5
0,713467999999992	4,30272414217412E-5
0,713713999999992	4,33334214577754E-5
0,713959999999992	4,3641494535031E-5
0,714205999999992	4,39514681589378E-5
0,714451999999992	4,42633498143278E-5
0,714697999999992	4,45771469637679E-5
0,714943999999992	4,48928670478828E-5
0,715189999999992	4,52105174843724E-5
0,715435999999992	4,55301056675936E-5
0,715681999999992	4,58516389676429E-5
0,715927999999992	4,61751247302927E-5
0,716173999999992	4,65005702759178E-5
0,716419999999992	4,68279828994359E-5
0,716665999999991	4,71573698693163E-5
0,716911999999991	4,74887384268602E-5
0,717157999999991	4,7822095786261E-5
0,717403999999991	4,81574491335775E-5
0,717649999999991	4,84948056264779E-5
0,717895999999991	4,88341723930399E-5
0,718141999999991	4,91755565319271E-5
0,718387999999991	4,95189651113554E-5
0,718633999999991	4,98644051689261E-5
0,718879999999991	5,02118837108343E-5
0,719125999999991	5,05614077109682E-5
0,719371999999991	5,09129841112213E-5
0,719617999999991	5,12666198201851E-5
0,719863999999991	5,16223217129131E-5
0,720109999999991	5,19800966304591E-5
0,720355999999991	5,23399513790595E-5
0,720601999999991	5,27018927302281E-5
0,720847999999991	5,30659274190696E-5
0,721093999999991	5,34320621451295E-5
0,721339999999991	5,38003035708747E-5
0,721585999999991	5,41706583216674E-5
0,721831999999991	5,45431329852337E-5
0,722077999999991	5,49177341105445E-5
0,722323999999991	5,5294468208544E-5
0,722569999999991	5,56733417504426E-5
0,722815999999991	5,60543611679537E-5
0,723061999999991	5,64375328522516E-5
0,723307999999991	5,68228631542445E-5
0,723553999999991	5,72103583833571E-5
0,723799999999991	5,76000248075398E-5
0,724045999999991	5,79918686525968E-5
0,724291999999991	5,83858961019069E-5
0,724537999999991	5,87821132953549E-5
0,72478399999999	5,91805263299024E-5
0,72502999999999	5,95811412584225E-5
0,72527599999999	5,99839640897251E-5
0,72552199999999	6,03890007870361E-5
0,72576799999999	6,07962572695697E-5
0,72601399999999	6,12057394101953E-5
0,72625999999999	6,1617453035617E-5
0,72650599999999	6,20314039267078E-5
0,72675199999999	6,24475978174394E-5
0,72699799999999	6,28660403942645E-5
0,72724399999999	6,32867372962504E-5
0,72748999999999	6,37096941146791E-5
0,72773599999999	6,41349163922015E-5
0,72798199999999	6,45624096231219E-5
0,72822799999999	6,49921792524268E-5
0,72847399999999	6,54242306757894E-5
0,72871999999999	6,58585692393822E-5
0,72896599999999	6,62952002392406E-5
0,72921199999999	6,6734128920749E-5
0,72945799999999	6,71753604790841E-5
0,72970399999999	6,7618900057816E-5
0,72994999999999	6,80647527499655E-5
0,73019599999999	6,85129235963771E-5
0,73044199999999	6,89634175860894E-5
0,73068799999999	6,94162396560713E-5
0,73093399999999	6,98713946908514E-5
0,73117999999999	7,03288875222902E-5
0,73142599999999	7,07887229295461E-5
0,73167199999999	7,12509056379439E-5
0,73191799999999	7,17154403197717E-5
0,73216399999999	7,21823315938382E-5
0,73240999999999	7,26515840244184E-5
0,732655999999989	7,31232021222595E-5
0,732901999999989	7,35971903437819E-5
0,733147999999989	7,40735530902065E-5
0,733393999999989	7,45522947090617E-5
0,733639999999989	7,50334194921504E-5
0,733885999999989	7,55169316763971E-5
0,734131999999989	7,60028354438325E-5
0,734377999999989	7,64911349208457E-5
0,734623999999989	7,69818341779631E-5
0,734869999999989	7,74749372306411E-5
0,735115999999989	7,79704480379992E-5
0,735361999999989	7,84683705037817E-5
0,735607999999989	7,89687084749228E-5
0,735853999999989	7,94714657428985E-5
0,736099999999989	7,99766460420094E-5
0,736345999999989	8,04842530515643E-5
0,736591999999989	8,09942903930035E-5
0,736837999999989	8,15067616318395E-5
0,737083999999989	8,20216702772563E-5
0,737329999999989	8,25390197813833E-5
0,737575999999989	8,30588135399503E-5
0,737821999999989	8,35810548913828E-5
0,738067999999989	8,4105747117931E-5
0,738313999999989	8,46328934448108E-5
0,738559999999989	8,51624970403288E-5
0,738805999999989	8,56945610158964E-5
0,739051999999989	8,62290884264217E-5
0,739297999999989	8,67660822693329E-5
0,739543999999988	8,73055454859808E-5
0,739789999999988	8,78474809604109E-5
0,740035999999988	8,83918915196428E-5
0,740281999999988	8,89387799347741E-5
0,740527999999988	8,94881489195113E-5
0,740773999999988	9,00400011309738E-5
0,741019999999988	9,05943391700129E-5
0,741265999999988	9,11511655809322E-5
0,741511999999988	9,17104828510281E-5
0,741757999999988	9,22722934117294E-5
0,742003999999988	9,28365996379732E-5
0,742249999999988	9,34034038486426E-5
0,742495999999988	9,39727083063191E-5
0,742741999999988	9,45445152180108E-5
0,742987999999988	9,51188267340577E-5
0,743233999999988	9,56956449503393E-5
0,743479999999988	9,6274971905755E-5
0,743725999999988	9,68568095844051E-5
0,743971999999988	9,74411599152236E-5
0,744217999999988	9,8028024771472E-5
0,744463999999988	9,86174059718933E-5
0,744709999999988	9,92093052801222E-5
0,744955999999988	9,98037244048916E-5
0,745201999999988	0,000100400665000734
0,745447999999988	0,000101000128668372
0,745693999999988	0,000101602116953009
0,745939999999988	0,000102206631346964
0,746185999999988	0,000102813673288787
0,746431999999988	0,000103423244162981
0,746677999999988	0,000104035345301408
0,746923999999988	0,000104649977982312
0,747169999999988	0,00010526714343093
0,747415999999988	0,000105886842820488
0,747661999999987	0,000106509077271416
0,747907999999987	0,000107133847851719
0,748153999999987	0,000107761155578342
0,748399999999987	0,00010839100141573
0,748645999999987	0,000109023386277549
0,748891999999987	0,000109658311024983
0,749137999999987	0,000110295776470466
0,749383999999987	0,000110935783374738
0,749629999999987	0,000111578332447371
0,749875999999987	0,000112223424349034
0,750121999999987	0,000112871059690333
0,750367999999987	0,000113521239032743
0,750613999999987	0,000114173962887946
0,750859999999987	0,000114829231718414
0,751105999999987	0,000115487045939794
0,751351999999987	0,000116147405917056
0,751597999999987	0,000116810311969413
0,751843999999987	0,000117475764367164
0,752089999999987	0,000118143763333741
0,752335999999987	0,000118814309045199
0,752581999999987	0,000119487401630903
0,752827999999987	0,00012016304117477
0,753073999999987	0,000120841227713488
0,753319999999987	0,000121521961238986
0,753565999999987	0,000122205241697285
0,753811999999987	0,000122891068989758
0,754057999999987	0,000123579442972559
0,754303999999987	0,000124270363458444
0,754549999999987	0,000124963830215296
0,754795999999987	0,000125659842967658
0,755041999999987	0,000126358401397466
0,755287999999987	0,000127059505143249
0,755533999999986	0,000127763153800383
0,755779999999986	0,000128469346923462
0,756025999999986	0,000129178084023815
0,756271999999986	0,000129889364571449
0,756517999999986	0,000130603187997658
0,756763999999986	0,000131319553689185
0,757009999999986	0,000132038460995789
0,757255999999986	0,000132759909225356
0,757501999999986	0,000133483897646598
0,757747999999986	0,000134210425489428
0,757993999999986	0,000134939491944499
0,758239999999986	0,000135671096164288
0,758485999999986	0,000136405237263206
0,758731999999986	0,000137141914317028
0,758977999999986	0,000137881126365454
0,759223999999986	0,000138622872411176
0,759469999999986	0,000139367151419174
0,759715999999986	0,000140113962319585
0,759961999999986	0,000140863304005821
0,760207999999986	0,000141615175336457
0,760453999999986	0,000142369575134505
0,760699999999986	0,000143126502188994
0,760945999999986	0,000143885955254716
0,761191999999986	0,000144647933051919
0,761437999999986	0,000145412434267766
0,761683999999986	0,000146179457556485
0,761929999999986	0,000146949001539145
0,762175999999986	0,000147721064805404
0,762421999999986	0,000148495645912556
0,762667999999986	0,000149272743385213
0,762913999999986	0,000150052355719298
0,763159999999986	0,000150834481377419
0,763405999999986	0,000151619118792962
0,763651999999985	0,000152406266370741
0,763897999999985	0,000153195922482619
0,764143999999985	0,000153988085474692
0,764389999999985	0,000154782753661368
0,764635999999985	0,000155579925331198
0,764881999999985	0,000156379598742654
0,765127999999985	0,000157181772127783
0,765373999999985	0,00015798644369025
0,765619999999985	0,000158793611608218
0,765865999999985	0,000159603274031699
0,766111999999985	0,000160415429084899
0,766357999999985	0,000161230074867778
0,766603999999985	0,000162047209452997
0,766849999999985	0,000162866830888849
0,767095999999985	0,000163688937199302
0,767341999999985	0,000164513526383169
0,767587999999985	0,000165340596416524
0,767833999999985	0,000166170145251095
0,768079999999985	0,000167002170815216
0,768325999999985	0,000167836671014813
0,768571999999985	0,000168673643733121
0,768817999999985	0,000169513086832387
0,769063999999985	0,00017035499815043
0,769309999999985	0,00017119937550625
0,769555999999985	0,000172046216696687
0,769801999999985	0,00017289551949881
0,770047999999985	0,000173747281668116
0,770293999999985	0,000174601500940572
0,770539999999985	0,000175458175032509
0,770785999999985	0,000176317301641872
0,771031999999985	0,000177178878446416
0,771277999999985	0,000178042903105859
0,771523999999984	0,00017890937326147
0,771769999999984	0,000179778286537213
0,772015999999984	0,000180649640538602
0,772261999999984	0,000181523432855231
0,772507999999984	0,000182399661057523
0,772753999999984	0,000183278322701604
0,772999999999984	0,000184159415326578
 
